ingrid_id	ploidy	Time (rel/ms)	Date	Time	Type	No.	Mark	F	Fm'	PAR	Y (II)	ETR	Fo'	ETR-F.	qP	qN	qL	NPQ	Y (NO)	Y (NPQ)	Fo	Fm	Fv/Fm
7A	2x	642	2021-06-22	16:39:03	FO	149	B	287	1280	0	0.776	0	-	0.84	-	-	-	-	-	-	287	1280	0.776
7A	2x	70628	2021-06-22	16:40:13	F	150	B	377	526	65	0.283	7.7	217	0.84	0.482	0.689	0.277	1.433	0.295	0.422	287	1280	0.776
7A	2x	140639	2021-06-22	16:41:23	F	151	B	342	465	90	0.265	10	206	0.84	0.475	0.739	0.286	1.753	0.267	0.468	287	1280	0.776
7A	2x	210621	2021-06-22	16:42:33	F	152	B	319	410	126	0.222	11.7	194	0.84	0.421	0.782	0.256	2.122	0.249	0.529	287	1280	0.776
7A	2x	280610	2021-06-22	16:43:43	F	153	B	314	374	191	0.16	12.8	186	0.84	0.319	0.811	0.189	2.422	0.245	0.595	287	1280	0.776
7A	2x	350589	2021-06-22	16:44:53	F	154	B	314	356	286	0.118	14.2	181	0.84	0.24	0.824	0.138	2.596	0.245	0.637	287	1280	0.776
7A	2x	420578	2021-06-22	16:46:03	F	155	B	317	344	421	0.078	13.8	178	0.84	0.163	0.833	0.092	2.721	0.248	0.674	287	1280	0.776
7A	2x	490543	2021-06-22	16:47:13	F	156	B	315	330	631	0.045	11.9	174	0.84	0.096	0.843	0.053	2.879	0.246	0.709	287	1280	0.776
7A	2x	560523	2021-06-22	16:48:23	F	157	B	313	326	825	0.04	13.9	173	0.84	0.085	0.846	0.047	2.926	0.245	0.715	287	1280	0.776
7A	2x	630542	2021-06-22	16:49:33	F	158	B	310	322	1154	0.037	17.9	172	0.84	0.08	0.849	0.044	2.975	0.242	0.721	287	1280	0.776
7A	2x	700529	2021-06-22	16:50:43	F	159	B	308	320	1506	0.038	24	172	0.84	0.081	0.851	0.045	3	0.241	0.721	287	1280	0.776
16A	2x	554	2021-06-22	15:56:11	FO	116	B	239	953	0	0.749	0	-	0.84	-	-	-	-	-	-	239	953	0.749
16A	2x	70543	2021-06-22	15:57:21	F	117	B	378	477	65	0.208	5.7	191	0.84	0.346	0.599	0.175	0.998	0.397	0.395	239	953	0.749
16A	2x	140532	2021-06-22	15:58:31	F	118	B	298	404	90	0.262	9.9	178	0.84	0.469	0.683	0.28	1.359	0.313	0.425	239	953	0.749
16A	2x	210522	2021-06-22	15:59:41	F	119	B	284	394	125	0.279	14.6	176	0.84	0.505	0.695	0.313	1.419	0.298	0.423	239	953	0.749
16A	2x	280501	2021-06-22	16:00:51	F	120	B	277	360	190	0.231	18.4	169	0.84	0.435	0.732	0.265	1.647	0.291	0.478	239	953	0.749
16A	2x	350508	2021-06-22	16:02:01	F	121	B	272	330	285	0.176	21.1	162	0.84	0.345	0.765	0.205	1.888	0.285	0.539	239	953	0.749
16A	2x	420497	2021-06-22	16:03:11	F	122	B	264	305	421	0.134	23.7	156	0.84	0.275	0.791	0.163	2.125	0.277	0.589	239	953	0.749
16A	2x	490487	2021-06-22	16:04:21	F	123	B	257	283	630	0.092	24.3	150	0.84	0.195	0.814	0.114	2.367	0.27	0.638	239	953	0.749
16A	2x	560472	2021-06-22	16:05:31	F	124	B	250	269	824	0.071	24.6	146	0.84	0.154	0.828	0.09	2.543	0.262	0.667	239	953	0.749
16A	2x	630456	2021-06-22	16:06:41	F	125	B	247	261	1152	0.054	26.1	144	0.84	0.12	0.836	0.07	2.651	0.259	0.687	239	953	0.749
16A	2x	700439	2021-06-22	16:07:51	F	126	B	242	254	1502	0.047	29.6	141	0.84	0.106	0.842	0.062	2.752	0.254	0.699	239	953	0.749
17A	2x	689	2021-06-22	16:54:00	FO	161	B	267	1034	0	0.742	0	-	0.84	-	-	-	-	-	-	267	1034	0.742
17A	2x	70677	2021-06-22	16:55:10	F	162	B	406	557	65	0.271	7.4	219	0.84	0.447	0.559	0.241	0.856	0.393	0.336	267	1034	0.742
17A	2x	140659	2021-06-22	16:56:20	F	163	B	338	474	90	0.287	10.8	205	0.84	0.506	0.649	0.307	1.181	0.327	0.386	267	1034	0.742
17A	2x	210648	2021-06-22	16:57:30	F	164	B	322	435	125	0.26	13.7	197	0.84	0.475	0.69	0.291	1.377	0.311	0.429	267	1034	0.742
17A	2x	280638	2021-06-22	16:58:40	F	165	B	325	409	191	0.205	16.4	191	0.84	0.385	0.716	0.226	1.528	0.314	0.481	267	1034	0.742
17A	2x	350625	2021-06-22	16:59:50	F	166	B	329	389	286	0.154	18.5	187	0.84	0.297	0.737	0.169	1.658	0.318	0.528	267	1034	0.742
17A	2x	420610	2021-06-22	17:01:00	F	167	B	332	374	422	0.112	19.9	183	0.84	0.22	0.751	0.121	1.765	0.321	0.567	267	1034	0.742
17A	2x	490615	2021-06-22	17:02:10	F	168	B	337	364	631	0.074	19.6	181	0.84	0.148	0.761	0.079	1.841	0.326	0.6	267	1034	0.742
17A	2x	560600	2021-06-22	17:03:20	F	169	B	335	357	825	0.062	21.5	179	0.84	0.124	0.768	0.066	1.896	0.324	0.614	267	1034	0.742
17A	2x	630590	2021-06-22	17:04:30	F	170	B	332	351	1154	0.054	26.2	178	0.84	0.11	0.774	0.059	1.946	0.321	0.625	267	1034	0.742
17A	2x	700571	2021-06-22	17:05:40	F	171	B	327	340	1505	0.038	24	175	0.84	0.079	0.785	0.042	2.041	0.316	0.646	267	1034	0.742
18B	2x	1088	2021-06-22	16:10:45	FO	127	B	259	1021	0	0.746	0	-	0.84	-	-	-	-	-	-	259	1021	0.746
18B	2x	71092	2021-06-22	16:11:55	F	128	B	422	566	65	0.254	6.9	215	0.84	0.41	0.539	0.209	0.804	0.413	0.333	259	1021	0.746
18B	2x	141081	2021-06-22	16:13:05	F	129	B	329	451	90	0.271	10.2	196	0.84	0.478	0.665	0.285	1.264	0.322	0.407	259	1021	0.746
18B	2x	211066	2021-06-22	16:14:15	F	130	B	287	371	125	0.226	11.9	179	0.84	0.438	0.748	0.273	1.752	0.281	0.493	259	1021	0.746
18B	2x	281051	2021-06-22	16:15:25	F	131	B	276	332	190	0.169	13.5	170	0.84	0.346	0.787	0.213	2.075	0.27	0.561	259	1021	0.746
18B	2x	351037	2021-06-22	16:16:35	F	132	B	274	311	286	0.119	14.3	164	0.84	0.252	0.807	0.151	2.283	0.268	0.613	259	1021	0.746
18B	2x	421021	2021-06-22	16:17:45	F	133	B	272	298	421	0.087	15.4	160	0.84	0.188	0.819	0.111	2.426	0.266	0.647	259	1021	0.746
18B	2x	491014	2021-06-22	16:18:55	F	134	B	273	290	630	0.059	15.6	158	0.84	0.129	0.827	0.075	2.521	0.267	0.674	259	1021	0.746
18B	2x	560976	2021-06-22	16:20:05	F	135	B	269	284	824	0.053	18.3	156	0.84	0.117	0.832	0.068	2.595	0.263	0.684	259	1021	0.746
18B	2x	631006	2021-06-22	16:21:15	F	136	B	267	279	1153	0.043	20.8	155	0.84	0.097	0.837	0.056	2.659	0.262	0.695	259	1021	0.746
18B	2x	700992	2021-06-22	16:22:25	F	137	B	265	272	1503	0.026	16.4	152	0.84	0.058	0.843	0.033	2.754	0.26	0.714	259	1021	0.746
27B	4x	1231	2021-06-22	15:42:29	FO	105	B	269	933	0	0.712	0	-	0.84	-	-	-	-	-	-	269	933	0.712
27B	4x	71218	2021-06-22	15:43:39	F	106	B	461	541	65	0.148	4	223	0.84	0.252	0.521	0.122	0.725	0.494	0.358	269	933	0.712
27B	4x	141208	2021-06-22	15:44:49	F	107	B	408	486	90	0.16	6	213	0.84	0.286	0.589	0.149	0.92	0.437	0.403	269	933	0.712
27B	4x	211176	2021-06-22	15:45:59	F	108	B	382	459	125	0.168	8.8	207	0.84	0.306	0.62	0.166	1.033	0.409	0.423	269	933	0.712
27B	4x	281178	2021-06-22	15:47:09	F	109	B	228	273	191	0.165	13.2	159	0.84	0.395	0.828	0.275	2.418	0.244	0.591	269	933	0.712
27B	4x	351166	2021-06-22	15:48:19	F	110	B	221	259	285	0.147	17.6	154	0.84	0.362	0.842	0.252	2.602	0.237	0.616	269	933	0.712
27B	4x	421151	2021-06-22	15:49:29	F	111	B	218	244	420	0.107	18.9	148	0.84	0.271	0.855	0.184	2.824	0.234	0.659	269	933	0.712
27B	4x	491137	2021-06-22	15:50:39	F	112	B	215	234	629	0.081	21.4	145	0.84	0.213	0.866	0.144	2.987	0.23	0.689	269	933	0.712
27B	4x	561145	2021-06-22	15:51:49	F	113	B	209	223	823	0.063	21.8	140	0.84	0.169	0.875	0.113	3.184	0.224	0.713	269	933	0.712
27B	4x	631134	2021-06-22	15:52:59	F	114	B	203	213	1150	0.047	22.7	136	0.84	0.13	0.884	0.087	3.38	0.218	0.735	269	933	0.712
27B	4x	701077	2021-06-22	15:54:09	F	115	B	198	207	1501	0.043	27.1	134	0.84	0.123	0.89	0.083	3.507	0.212	0.745	269	933	0.712
29B	2x	482	2021-06-22	15:15:52	FO	94	B	198	579	0	0.658	0	-	0.84	-	-	-	-	-	-	198	579	0.658
29B	2x	70473	2021-06-22	15:17:02	F	95	B	334	399	65	0.163	4.4	172	0.84	0.286	0.404	0.147	0.451	0.577	0.26	198	579	0.658
29B	2x	140462	2021-06-22	15:18:12	F	96	B	306	350	90	0.126	4.8	162	0.84	0.234	0.507	0.124	0.654	0.528	0.346	198	579	0.658
29B	2x	210445	2021-06-22	15:19:22	F	97	B	292	328	125	0.11	5.8	157	0.84	0.211	0.551	0.113	0.765	0.504	0.386	198	579	0.658
29B	2x	280432	2021-06-22	15:20:32	F	98	B	283	309	191	0.084	6.7	152	0.84	0.166	0.588	0.089	0.874	0.489	0.427	198	579	0.658
29B	2x	350443	2021-06-22	15:21:42	F	99	B	273	292	286	0.065	7.8	148	0.84	0.132	0.622	0.072	0.983	0.472	0.463	198	579	0.658
29B	2x	420425	2021-06-22	15:22:52	F	100	B	263	275	421	0.044	7.8	144	0.84	0.092	0.656	0.05	1.105	0.454	0.502	198	579	0.658
29B	2x	490415	2021-06-22	15:24:02	F	101	B	250	259	630	0.035	9.3	139	0.84	0.075	0.685	0.042	1.236	0.432	0.533	198	579	0.658
29B	2x	560402	2021-06-22	15:25:12	F	102	B	236	243	824	0.029	10	134	0.84	0.064	0.714	0.036	1.383	0.408	0.563	198	579	0.658
29B	2x	630387	2021-06-22	15:26:22	F	103	B	223	231	1152	0.035	16.9	131	0.84	0.08	0.738	0.047	1.506	0.385	0.58	198	579	0.658
29B	2x	700374	2021-06-22	15:27:32	F	104	B	213	217	1503	0.018	11.4	126	0.84	0.044	0.761	0.026	1.668	0.368	0.614	198	579	0.658
40B	4x	1061	2021-06-22	13:55:45	FO	35	B	279	1127	0	0.752	0	-	0.84	-	-	-	-	-	-	279	1127	0.752
40B	4x	71078	2021-06-22	13:56:55	F	36	B	416	550	65	0.244	6.7	221	0.84	0.407	0.612	0.216	1.049	0.369	0.387	279	1127	0.752
40B	4x	141062	2021-06-22	13:58:05	F	37	B	369	486	90	0.241	9.1	210	0.84	0.424	0.675	0.241	1.319	0.327	0.432	279	1127	0.752
40B	4x	211054	2021-06-22	13:59:15	F	38	B	341	429	125	0.205	10.8	199	0.84	0.383	0.729	0.224	1.627	0.303	0.492	279	1127	0.752
40B	4x	281036	2021-06-22	14:00:25	F	39	B	331	391	191	0.153	12.3	190	0.84	0.299	0.763	0.172	1.882	0.294	0.553	279	1127	0.752
40B	4x	351010	2021-06-22	14:01:35	F	40	B	328	370	286	0.114	13.7	185	0.84	0.227	0.782	0.128	2.046	0.291	0.595	279	1127	0.752
40B	4x	421030	2021-06-22	14:02:45	F	41	B	325	352	421	0.077	13.6	181	0.84	0.158	0.798	0.088	2.202	0.288	0.635	279	1127	0.752
40B	4x	491016	2021-06-22	14:03:55	F	42	B	321	338	631	0.05	13.3	177	0.84	0.106	0.81	0.058	2.334	0.285	0.665	279	1127	0.752
40B	4x	561002	2021-06-22	14:05:05	F	43	B	314	329	826	0.046	16	174	0.84	0.097	0.817	0.054	2.426	0.279	0.675	279	1127	0.752
40B	4x	630990	2021-06-22	14:06:15	F	44	B	309	322	1154	0.04	19.4	172	0.84	0.087	0.823	0.048	2.5	0.274	0.686	279	1127	0.752
40B	4x	700976	2021-06-22	14:07:25	F	45	B	305	315	1506	0.032	20.2	170	0.84	0.069	0.829	0.038	2.578	0.271	0.697	279	1127	0.752
84A	4x	1082	2021-06-22	17:10:34	FO	172	B	251	1045	0	0.76	0	-	0.84	-	-	-	-	-	-	251	1045	0.76
84A	4x	71089	2021-06-22	17:11:44	F	173	B	561	727	65	0.228	6.2	227	0.84	0.332	0.37	0.134	0.437	0.537	0.235	251	1045	0.76
84A	4x	141074	2021-06-22	17:12:54	F	174	B	485	627	90	0.226	8.5	216	0.84	0.345	0.482	0.154	0.667	0.464	0.31	251	1045	0.76
84A	4x	211035	2021-06-22	17:14:04	F	175	B	484	630	125	0.232	12.2	217	0.84	0.354	0.48	0.159	0.659	0.463	0.305	251	1045	0.76
84A	4x	281048	2021-06-22	17:15:14	F	176	B	514	654	191	0.214	17.2	219	0.84	0.322	0.452	0.137	0.598	0.492	0.294	251	1045	0.76
84A	4x	351033	2021-06-22	17:16:24	F	177	B	512	621	286	0.176	21.1	216	0.84	0.269	0.49	0.113	0.683	0.49	0.334	251	1045	0.76
84A	4x	421021	2021-06-22	17:17:34	F	178	B	471	537	421	0.123	21.7	205	0.84	0.199	0.582	0.087	0.946	0.451	0.426	251	1045	0.76
84A	4x	491009	2021-06-22	17:18:44	F	179	B	435	476	631	0.086	22.8	195	0.84	0.146	0.646	0.065	1.195	0.416	0.498	251	1045	0.76
84A	4x	560991	2021-06-22	17:19:54	F	180	B	394	424	825	0.071	24.6	186	0.84	0.126	0.7	0.059	1.465	0.377	0.552	251	1045	0.76
84A	4x	630980	2021-06-22	17:21:04	F	181	B	364	383	1153	0.05	24.2	177	0.84	0.092	0.741	0.045	1.728	0.348	0.602	251	1045	0.76
84A	4x	700989	2021-06-22	17:22:14	F	182	B	338	351	1504	0.037	23.4	170	0.84	0.072	0.772	0.036	1.977	0.323	0.64	251	1045	0.76
88B	4x	1088	2021-06-22	16:10:45	FO	127	B	259	1021	0	0.746	0	-	0.84	-	-	-	-	-	-	259	1021	0.746
88B	4x	69988	2021-06-22	16:26:02	F	139	B	516	679	65	0.24	6.6	252	0.84	0.382	0.592	0.187	0.996	0.381	0.379	309	1355	0.772
88B	4x	139970	2021-06-22	16:27:12	F	140	B	499	699	90	0.286	10.8	255	0.84	0.45	0.576	0.23	0.938	0.368	0.346	309	1355	0.772
88B	4x	209957	2021-06-22	16:28:22	F	141	B	503	688	125	0.269	14.1	253	0.84	0.425	0.584	0.214	0.969	0.371	0.36	309	1355	0.772
88B	4x	279921	2021-06-22	16:29:32	F	142	B	505	641	191	0.212	17	246	0.84	0.344	0.622	0.168	1.114	0.373	0.415	309	1355	0.772
88B	4x	349932	2021-06-22	16:30:42	F	143	B	488	576	286	0.153	18.4	236	0.84	0.259	0.675	0.125	1.352	0.36	0.487	309	1355	0.772
88B	4x	419939	2021-06-22	16:31:52	F	144	B	470	530	421	0.113	20	228	0.84	0.199	0.711	0.097	1.557	0.347	0.54	309	1355	0.772
88B	4x	489927	2021-06-22	16:33:02	F	145	B	457	496	631	0.079	20.9	222	0.84	0.142	0.738	0.069	1.732	0.337	0.584	309	1355	0.772
88B	4x	559907	2021-06-22	16:34:12	F	146	B	439	469	824	0.064	22.1	216	0.84	0.119	0.758	0.059	1.889	0.324	0.612	309	1355	0.772
88B	4x	629900	2021-06-22	16:35:22	F	147	B	427	450	1154	0.051	24.7	212	0.84	0.097	0.772	0.048	2.011	0.315	0.634	309	1355	0.772
88B	4x	699885	2021-06-22	16:36:32	F	148	B	415	431	1506	0.037	23.4	208	0.84	0.072	0.787	0.036	2.144	0.306	0.657	309	1355	0.772
111A	4x	903	2021-06-22	13:38:35	FO	24	B	200	867	0	0.769	0	-	0.84	-	-	-	-	-	-	200	867	0.769
111A	4x	70885	2021-06-22	13:39:45	F	25	B	306	451	65	0.322	8.8	165	0.84	0.507	0.571	0.273	0.922	0.353	0.325	200	867	0.769
111A	4x	140868	2021-06-22	13:40:55	F	26	B	307	425	90	0.278	10.5	161	0.84	0.447	0.604	0.234	1.04	0.354	0.368	200	867	0.769
111A	4x	210878	2021-06-22	13:42:05	F	27	B	298	399	125	0.253	13.3	157	0.84	0.417	0.637	0.22	1.173	0.344	0.403	200	867	0.769
111A	4x	280863	2021-06-22	13:43:15	F	28	B	293	365	190	0.197	15.7	152	0.84	0.338	0.681	0.175	1.375	0.338	0.465	200	867	0.769
111A	4x	350853	2021-06-22	13:44:25	F	29	B	293	345	286	0.151	18.1	148	0.84	0.264	0.705	0.133	1.513	0.338	0.511	200	867	0.769
111A	4x	420836	2021-06-22	13:45:35	F	30	B	294	330	421	0.109	19.3	145	0.84	0.195	0.723	0.096	1.627	0.339	0.552	200	867	0.769
111A	4x	490830	2021-06-22	13:46:45	F	31	B	294	319	631	0.078	20.7	143	0.84	0.142	0.736	0.069	1.718	0.339	0.583	200	867	0.769
111A	4x	560808	2021-06-22	13:47:55	F	32	B	291	311	824	0.064	22.1	142	0.84	0.118	0.747	0.058	1.788	0.336	0.6	200	867	0.769
111A	4x	630796	2021-06-22	13:49:05	F	33	B	287	302	1153	0.05	24.2	140	0.84	0.093	0.757	0.045	1.871	0.331	0.619	200	867	0.769
111A	4x	700782	2021-06-22	13:50:15	F	34	B	284	296	1504	0.041	25.9	138	0.84	0.076	0.763	0.037	1.929	0.328	0.631	200	867	0.769
111B	4x	520	2021-06-22	15:01:32	FO	83	B	259	920	0	0.718	0	-	0.84	-	-	-	-	-	-	259	920	0.718
111B	4x	70500	2021-06-22	15:02:42	F	84	B	429	597	65	0.281	7.7	225	0.84	0.452	0.437	0.237	0.541	0.466	0.253	259	920	0.718
111B	4x	140488	2021-06-22	15:03:52	F	85	B	436	597	90	0.27	10.2	225	0.84	0.433	0.437	0.223	0.541	0.474	0.256	259	920	0.718
111B	4x	210478	2021-06-22	15:05:02	F	86	B	427	549	125	0.222	11.7	218	0.84	0.369	0.499	0.188	0.676	0.464	0.314	259	920	0.718
111B	4x	280460	2021-06-22	15:06:12	F	87	B	412	493	191	0.164	13.2	208	0.84	0.284	0.569	0.143	0.866	0.448	0.388	259	920	0.718
111B	4x	350453	2021-06-22	15:07:22	F	88	B	395	448	286	0.118	14.2	200	0.84	0.214	0.625	0.108	1.054	0.429	0.453	259	920	0.718
111B	4x	420439	2021-06-22	15:08:32	F	89	B	377	414	421	0.089	15.7	193	0.84	0.167	0.666	0.085	1.222	0.41	0.501	259	920	0.718
111B	4x	490424	2021-06-22	15:09:42	F	90	B	361	384	631	0.06	15.9	186	0.84	0.116	0.7	0.06	1.396	0.392	0.548	259	920	0.718
111B	4x	560409	2021-06-22	15:10:52	F	91	B	343	359	825	0.045	15.6	180	0.84	0.089	0.729	0.047	1.563	0.373	0.582	259	920	0.718
111B	4x	630397	2021-06-22	15:12:02	F	92	B	328	339	1153	0.032	15.5	175	0.84	0.067	0.752	0.036	1.714	0.357	0.611	259	920	0.718
111B	4x	700403	2021-06-22	15:13:12	F	93	B	317	324	1505	0.022	13.9	171	0.84	0.046	0.769	0.025	1.84	0.345	0.633	259	920	0.718
117A	2x	614	2021-06-22	13:22:30	FO	13	B	274	1062	0	0.742	0	-	0.84	-	-	-	-	-	-	274	1062	0.742
117A	2x	70610	2021-06-22	13:23:40	F	14	B	582	709	65	0.179	4.9	243	0.84	0.273	0.409	0.114	0.498	0.548	0.273	274	1062	0.742
117A	2x	140590	2021-06-22	13:24:50	F	15	B	583	706	90	0.174	6.6	242	0.84	0.265	0.411	0.11	0.504	0.549	0.277	274	1062	0.742
117A	2x	210582	2021-06-22	13:26:00	F	16	B	422	503	125	0.161	8.5	213	0.84	0.279	0.632	0.141	1.111	0.397	0.442	274	1062	0.742
117A	2x	280568	2021-06-22	13:27:10	F	17	B	464	532	190	0.128	10.2	218	0.84	0.217	0.602	0.102	0.996	0.437	0.435	274	1062	0.742
117A	2x	350553	2021-06-22	13:28:20	F	18	B	498	549	285	0.093	11.1	221	0.84	0.155	0.584	0.069	0.934	0.469	0.438	274	1062	0.742
117A	2x	420536	2021-06-22	13:29:30	F	19	B	532	573	421	0.072	12.7	225	0.84	0.118	0.558	0.05	0.853	0.501	0.427	274	1062	0.742
117A	2x	490522	2021-06-22	13:30:40	F	20	B	554	579	630	0.043	11.4	225	0.84	0.071	0.551	0.029	0.834	0.522	0.435	274	1062	0.742
117A	2x	560534	2021-06-22	13:31:50	F	21	B	561	584	824	0.039	13.5	226	0.84	0.064	0.546	0.026	0.818	0.528	0.433	274	1062	0.742
117A	2x	630517	2021-06-22	13:33:00	F	22	B	562	576	1153	0.024	11.6	225	0.84	0.04	0.555	0.016	0.844	0.529	0.447	274	1062	0.742
117A	2x	700504	2021-06-22	13:34:10	F	23	B	559	570	1504	0.019	12	224	0.84	0.032	0.561	0.013	0.863	0.526	0.455	274	1062	0.742
