n	plant_id	ploidy	habitat	W_g	TW_g	DW_g	area_cm2	RWC	LMA_gm2	pixels	p_cm2	cup_mg	ws_mg	s_mg	tray_id	fvfm_avg	SLA	whc_p	CN_ratio	Np
1	SO18-H2-09-12	4x	slope	0.0172	0.0256	0.006	0.533366288	57.1429	112.4930	7553	14161	27.15	32.85	5.7	E8	NA	88.89438128	69.3877551	39.9652	1.13
2	SO18-H2-09-32	4x	slope	0.0136	0.0182	0.0043	0.410140527	66.9065	104.8421	5808	14161	NA	NA	NA	NA	NA	95.38151786	69.0647482	NA	NA
3	SO18-H2-09-06	4x	slope	0.0138	0.0215	0.0035	0.440858696	57.2222	79.3905	6243	14161	NA	NA	NA	NA	NA	125.9596275	80.55555556	NA	NA
4	SO18-H2-09-33	4x	slope	0.0076	0.013	0.0018	0.297648471	51.7857	60.4740	4215	14161	NA	NA	NA	NA	NA	165.3602618	83.92857143	NA	NA
5	SO18-H2-09-43	4x	slope	0.0177	0.0234	0.0047	0.484640915	69.5187	96.9790	6863	14161	27.55	32.3	4.75	E9	NA	103.1150883	74.86631016	33.1548	1.36
6	SO18-H2-09-36	4x	slope	0.0186	0.0264	0.0055	0.5985453	62.6794	91.8895	8476	14161	26.98	32.31	5.33	E5	NA	108.8264183	73.68421053	39.0442	1.15
7	SO18-H2-09-30	4x	slope	0.013	0.0178	0.0038	0.403149495	65.7143	94.2578	5709	14161	NA	NA	NA	NA	NA	106.0919724	72.85714286	NA	NA
8	SO18-H2-09-19	4x	slope	0.0189	0.025	0.0045	0.592754749	70.2439	75.9167	8394	14161	27.13	32.31	5.18	E3	NA	131.7232775	78.04878049	25.2922	1.72
9	SO18-H1-08-06	2x	riverbed	0.0739	0.094	0.0174	1.783489867	73.7598	97.5615	25256	14161	26.92	34.19	7.27	E7	NA	102.4994176	77.2845953	29.2392	1.49
10	SO18-H1-08-43	2x	riverbed	0.0337	0.046	0.0068	1.036296872	68.6224	65.6183	14675	14161	26.95	32.92	5.97	E1	NA	152.3965988	82.65306122	26.5561	1.66
11	SO18-H1-08-48	2x	riverbed	0.0443	0.0561	0.0092	1.188192924	74.8401	77.4285	16826	14161	26.97	31.92	4.95	C5	NA	129.1514048	80.38379531	24.3347	1.84
12	SO18-H1-08-18	2x	riverbed	0.0555	0.0709	0.0161	1.492055646	71.8978	107.9048	21129	14161	27.15	34.56	7.41	E2	NA	92.67426371	70.62043796	49.0661	0.92
13	SO18-H1-08-38	2x	riverbed	0.0729	0.0984	0.0161	2.075983335	69.0158	77.5536	29398	14161	26.48	32.24	5.76	B12	NA	128.9430643	80.43742406	34.0089	1.26
14	SO18-H1-08-34	2x	riverbed	0.0326	0.0417	0.0062	1.214391639	74.3662	51.0544	17197	14161	27.39	32.51	5.12	D12	NA	195.8696192	82.53521127	40.2976	1.09
15	SO18-H1-08-03	2x	riverbed	0.0536	0.0738	0.0108	1.458018502	67.9365	74.0731	20647	14161	27.24	33.93	6.69	E10	NA	135.0017131	82.85714286	43.5873	1.01
16	SO18-H1-08-47	2x	riverbed	0.0424	0.0606	0.008	1.19991526	65.3992	66.6714	16992	14161	27.47	32.65	5.18	B11	NA	149.9894075	84.79087452	33.1853	1.30
17	SO18-H3-07-03	2x	ridge	0.024	0.0295	0.005	0.777769932	77.5510	64.28636281	11014	14161	27.65	31.7	4.05	E11	0.826	155.5539863	79.59183673	22.9550	1.88
18	SO18-H3-07-04	2x	ridge	0.0215	0.0277	0.0053	0.613092296	72.3214	86.44701682	8682	14161	27.64	33.12	5.48	A8	0.7935	115.6777916	76.33928571	54.0967	0.80
19	SO18-H3-07-08	2x	ridge	0.0287	0.0392	0.0061	0.882847257	68.2779	69.09462486	12502	14161	26.71	32.82	6.11	E6	0.8165	144.7290585	81.57099698	32.3834	1.38
20	SO18-H3-07-09	2x	ridge	0.0194	0.0288	0.0055	0.64091519	59.6567	85.81478625	9076	14161	27.4	31.99	4.59	G12	0.8015	116.5300345	76.39484979	37.3819	1.22
21	SO18-H3-07-12	2x	ridge	0.0299	0.0474	0.0074	0.888072876	56.2500	83.32649491	12576	14161	27.69	33.67	5.98	C2	0.814	120.0098481	81.5	44.4331	0.98
22	SO18-H3-07-18	2x	ridge	0.0273	0.0361	0.0079	0.770849516	68.7943	102.4843349	10916	14161	26.64	31.26	4.62	D2	0.788	97.57588814	71.9858156	31.3884	2.14
23	SO18-H3-07-39	2x	ridge	0.0159	0.0218	0.0033	0.497422498	68.1081	66.34199319	7044	14161	NA	NA	NA	NA	0.795	150.7340904	82.16216216	NA	NA
24	SO18-H3-07-45	2x	ridge	0.0108	0.0333	0.0058	0.654049855	18.1818	88.67825524	9262	14161	27.17	32.52	5.35	A3	0.8075	112.7672164	78.90909091	42.2215	1.05
25	SO18-H2-06-30	3x	slope	0.0174	0.0235	0.0053	NA	66.4835	NA	NA	14161	27.62	32.4	4.78	F5	0.8215	NA	70.87912088	21.8762	2.10
26	SO18-H2-06-09	3x	slope	0.0146	0.0223	0.0042	0.404067509	57.4586	103.9430269	5722	14161	NA	NA	NA	NA	0.767	96.20654985	76.79558011	NA	NA
27	SO18-H2-06-08	2x	slope	0.0259	0.0374	0.0054	NA	64.0625	NA	NA	14161	27.82	31.44	3.62	G11	0.7885	NA	83.125	21.2318	2.72
28	SO18-H2-06-17	2x	slope	0.0175	0.0257	0.0048	0.462043641	60.7656	103.8862907	6543	14161	27.85	32.07	4.22	D10	0.7465	96.25909187	77.03349282	53.9997	0.81
29	SO18-H2-06-19	2x	slope	0.0091	0.0135	0.0024	0.33380411	60.3604	71.89845568	4727	14161	NA	NA	NA	NA	0.56	139.0850458	78.37837838	NA	NA
30	SO18-H2-06-21	3x	slope	0.0195	0.0273	0.0052	0.554480616	64.7059	93.78145695	7852	14161	26.76	31.06	4.3	H1	0.788	106.6308876	76.47058824	29.3336	1.89
31	SO18-H2-06-31	3x	slope	0.0209	0.0281	0.0058	0.570016242	67.7130	101.7514866	8072	14161	26.94	31.75	4.81	G10	0.8045	98.27866238	73.99103139	23.3324	1.90
32	SO18-H2-06-32	2x	slope	0.0211	0.026	0.0049	0.64211567	76.7773	76.31023865	9093	14161	27.27	31.49	4.22	D4	0.7235	131.0440142	76.77725118	53.2929	0.69
33	SO18-H2-06-43	3x	slope	0.017	0.0201	0.0044	0.60758421	80.2548	72.41794514	8604	14161	NA	NA	NA	NA	0.741	138.0873205	71.97452229	NA	NA
34	SO18-H2-06-44	2x	slope	0.0117	0.0141	0.0026	0.366428925	79.1304	70.95509732	5189	14161	NA	NA	NA	NA	0.746	140.9342017	77.39130435	NA	NA
35	SO18-H2-06-45	2x	slope	0.0108	0.012	0.0026	0.34383165	87.2340	75.61840214	4869	14161	NA	NA	NA	NA	0.7685	132.2429424	72.34042553	NA	NA
36	SO18-H2-06-10	3x	slope	0.0154	0.0184	0.0043	0.337123085	78.7234	127.5498534	4774	14161	28	31.17	3.17	A1	0.724	78.40071733	69.5035461	36.7991	1.20
37	SO18-H2-06-13	2x	slope	0.0147	0.0235	0.0044	0.575736177	53.9267	76.42389305	8153	14161	NA	NA	NA	NA	0.746	130.8491311	76.96335079	NA	NA
38	SO18-H2-06-11	2x	slope	0.0339	0.0501	0.0076	NA	61.8824	NA	NA	14161	27.15	32.1	4.95	A5	0.794	NA	82.11764706	25.6394	1.73
39	SO18-H2-06-33	3x	slope	0.0244	0.0464	0.0061	0.681025351	45.4094	89.57082124	9644	14161	27.35	33.51	6.16	H2	0.813	111.6435002	84.86352357	25.6627	1.76
40	SO18-H2-06-28	3x	slope	0.0194	0.0263	0.0049	NA	67.7570	NA	NA	14161	27.37	32.37	5	C1	0.792	NA	77.10280374	28.5732	1.52
41	SO18-H1-05-23	3x	riverbed	0.014	0.0203	0.0041	0.315090742	61.1111	130.1212461	4462	14161	NA	NA	NA	NA	0.746	76.85140053	74.69135802	NA	NA
42	SO18-H1-05-19	3x	riverbed	0.0148	0.019	0.0045	0.398276958	71.0345	112.9867021	5640	14161	26.64	31.26	4.62	D3	0.7715	88.50599063	68.96551724	36.5956	1.18
43	SO18-H1-05-36	3x	riverbed	0.0285	0.0364	0.0085	0.818162559	71.6846	103.8913344	11586	14161	28.04	34.82	6.78	D8	0.8145	96.25441872	69.53405018	38.6782	1.11
44	SO18-H1-05-07	4x	riverbed	0.0097	0.0129	0.0032	0.347998023	67.0103	91.95454545	4928	14161	NA	NA	NA	NA	0.704	108.7493821	67.01030928	NA	NA
45	SO18-H1-05-30	2x	riverbed	0.013	0.0182	0.0036	0.480686392	64.3836	74.89290436	6807	14161	NA	NA	NA	NA	0.743	133.5239978	75.34246575	NA	NA
46	SO18-H1-05-34	2x	riverbed	0.0217	0.026	0.0053	0.717463456	79.2271	73.87135827	10160	14161	26.19	30.46	4.27	B5	0.801	135.3704634	74.39613527	34.4767	1.25
47	SO18-H1-05-32	4x	riverbed	0.0142	0.0277	0.0042	0.416284161	42.5532	100.8926209	5895	14161	NA	NA	NA	NA	0.7125	99.11527636	82.12765957	NA	NA
48	SO18-H1-05-06	2x	riverbed	0.0385	0.047	0.0096	1.128945696	77.2727	85.03509101	15987	14161	27.02	31.32	4.3	A4	0.8115	117.59851	74.3315508	24.1664	1.72
49	SO18-H1-05-25	2x	riverbed	0.018	0.0258	0.0036	0.552856437	64.8649	65.11636224	7829	14161	NA	NA	NA	NA	0.7985	153.5712324	83.78378378	NA	NA
50	SO18-H1-05-29	3x	riverbed	0.0189	0.0224	0.0055	0.49297366	79.2899	111.567827	6981	14161	27.7	33.49	5.79	C6	0.767	89.63157455	67.4556213	41.0039	1.08
51	SO18-H1-05-21	4x	riverbed	0.0094	0.0135	0.0028	0.345879528	61.6822	80.95304206	4898	14161	NA	NA	NA	NA	0.739	123.528403	73.8317757	NA	NA
52	SO18-H1-05-15	4x	riverbed	0.0139	0.0206	0.0048	0.504554763	57.5949	95.13337999	7145	14161	26.76	30.8	4.04	G9	NA	105.1155756	69.62025316	51.6167	0.86
53	SO18-H1-05-27	3x	riverbed	0.0114	0.0181	0.0035	0.355907069	54.1096	98.34027778	5040	14161	NA	NA	NA	NA	0.712	101.6877339	76.02739726	NA	NA
54	SO18-H1-05-01	4x	riverbed	0.0168	0.0215	0.0029	0.416213544	74.7312	69.67577197	5894	14161	NA	NA	NA	NA	0.731	143.5219118	84.40860215	NA	NA
55	SO18-H1-05-38	4x	riverbed	0.0172	0.021	0.0056	0.470376386	75.3247	119.0535956	6661	14161	26.48	32.13	5.65	F3	0.765	83.99578319	63.63636364	52.5147	0.83
56	SO18-H1-05-17	2x	riverbed	0.0235	0.027	0.0066	0.763999718	82.8431	86.38746649	10819	14161	27.21	32.92	5.71	F4	0.807	115.757533	67.64705882	49.8647	0.89
57	SO18-H1-05-35	2x	riverbed	0.0268	0.0366	0.0048	0.814419886	69.1824	58.93765716	11533	14161	27.35	32.32	4.97	D12	0.774	169.6708095	84.90566038	40.2976	1.09
58	SO18-H1-05-46	4x	riverbed	0.0114	0.0153	0.0035	0.31071252	66.9492	112.6443182	4400	14161	NA	NA	NA	NA	0.792	88.7750058	70.33898305	NA	NA
59	SO18-H1-05-22	2x	riverbed	0.0395	0.0557	0.0106	1.084033613	64.0798	97.78294574	15351	14161	26.27	32.42	6.15	A12	0.795	102.267322	76.49667406	51.3347	0.87
60	SO18-H1-05-11	3x	riverbed	0.0329	0.046	0.0095	0.852340936	64.1096	111.4577465	12070	14161	27.03	32.31	5.28	A2	0.7655	89.72009857	73.97260274	32.4638	1.27
61	SO18-H1-05-31	2x	riverbed	0.0155	0.0263	0.004	0.437257256	51.5695	91.47932817	6192	14161	NA	NA	NA	NA	0.759	109.314314	82.06278027	NA	NA
62	SO18-H1-05-20	2x	riverbed	0.0158	0.0187	0.0036	0.46868159	80.7947	76.81120988	6637	14161	NA	NA	NA	NA	NA	130.1893306	76.1589404	NA	NA
63	SO18-H1-11-21	4x	riverbed	0.0146	0.0182	0.0046	0.466421863	73.5294	98.62316427	6605	14161	27.56	31.12	3.56	B3	NA	101.3960571	66.17647059	34.6679	1.25
64	SO18-H1-11-27	2x	riverbed	0.0207	0.0296	0.0055	0.647835605	63.0705	84.89808153	9174	14161	27.38	32.85	5.47	C11	NA	117.7882918	77.17842324	29.4110	1.52
65	SO18-H1-11-44	2x	riverbed	0.0244	0.034	0.0065	0.845985453	65.0909	76.83347245	11980	14161	27.49	32.41	4.92	C10	NA	130.1516082	76.36363636	41.1622	1.09
66	SO18-H1-11-46	2x	riverbed	0.0151	0.0202	0.0041	0.570016242	68.3230	71.92777502	8072	14161	NA	NA	NA	NA	NA	139.0283517	74.53416149	NA	NA
67	SO18-H1-11-16	2x	riverbed	0.0275	0.0338	0.0074	0.892168632	76.1364	82.94396074	12634	14161	26.64	33.81	7.17	C8	NA	120.5633287	71.96969697	33.2747	1.34
68	SO18-H1-11-19	4x	riverbed	0.0095	0.0109	0.0024	0.270743592	83.5294	88.64475743	3834	14161	NA	NA	NA	NA	NA	112.8098298	71.76470588	NA	NA
69	SO18-H1-11-38	4x	riverbed	0.0323	0.0391	0.0113	0.872890333	75.5396	129.4549794	12361	14161	26.88	35.49	8.61	A6	NA	77.24693209	59.35251799	36.4509	1.23
70	SO18-H1-11-14	4x	riverbed	0.0113	0.0171	0.004	0.371866394	55.7252	107.5655146	5266	14161	NA	NA	NA	NA	NA	92.9665984	69.46564885	NA	NA
71	SO18-H1-11-01	4x	riverbed	0.0168	0.0222	0.0053	0.504907845	68.0473	104.9696503	7150	14161	27.42	32.19	4.77	C7	NA	95.26563122	68.63905325	37.5465	1.17
72	SO18-H1-11-08	2x	riverbed	0.0159	0.0212	0.0041	0.549608079	69.0058	74.59861236	7783	14161	NA	NA	NA	NA	NA	134.0507509	76.02339181	NA	NA
73	SO18-H1-11-25	2x	riverbed	0.0135	0.0171	0.0037	0.509568533	73.1343	72.610449	7216	14161	NA	NA	NA	NA	NA	137.7212252	72.3880597	NA	NA
74	SO18-H1-11-36	2x	riverbed	0.0208	0.0294	0.0077	0.665136643	60.3687	115.7656864	9419	14161	27.45	35.15	7.7	F1*	NA	86.38138219	64.51612903	40.1463	0.88
75	SO18-H1-11-11	4x	riverbed	0.0206	0.0269	0.0065	0.638726079	69.1176	101.7650636	9045	14161	26.55	31.93	5.38	B10	NA	98.26555056	68.1372549	35.9319	1.24
76	SO18-H1-11-48	2x	riverbed	0.0192	0.0252	0.0061	0.541699033	68.5864	112.608656	7671	14161	27.2	32	4.8	F2	NA	88.80312009	68.06282723	41.7737	1.08
77	SO18-H1-11-41	2x	riverbed	0.0072	0.0097	0.0023	0.292917167	66.2162	78.5204918	4148	14161	NA	NA	NA	NA	NA	127.3552899	68.91891892	NA	NA
78	SO18-H1-11-22	4x	riverbed	0.0231	0.0405	0.0092	0.754395876	44.4089	121.9518862	10683	14161	26.56	33.15	6.59	B7	NA	81.99955174	70.60702875	32.5545	1.40
79	SO18-H1-11-12	2x	riverbed	0.0237	0.031	0.0058	0.75651437	71.0317	76.66741342	10713	14161	27.06	31.27	4.21	A7	NA	130.4335121	76.98412698	28.9697	1.51
80	SO18-H2-12-29	2x	slope	0.0107	0.0178	0.0033	0.369818516	51.0345	89.2329578	5237	14161	NA	NA	NA	NA	NA	112.0662169	77.24137931	NA	NA
81	SO18-H2-12-48	2x	slope	0.0128	0.0159	0.0044	0.410987925	73.0435	107.0591065	5820	14161	NA	NA	NA	NA	NA	93.4063465	61.73913043	NA	NA
82	SO18-H2-12-19	2x	slope	0.0171	0.0199	0.0046	0.46606878	81.6993	98.69787879	6600	14161	27.05	31.68	4.63	C9	NA	101.3193001	69.93464052	48.9524	0.89
83	SO18-H2-12-28	2x	slope	0.0305	0.0355	0.0072	0.861450463	82.3322	83.57996557	12199	14161	27.93	33.52	5.59	D5	NA	119.6458976	74.55830389	28.5879	1.57
84	SO18-H2-12-43	3x	slope	0.0207	0.0256	0.0071	0.656027117	73.5135	108.2272336	9290	14161	27.08	32.31	5.23	E4	NA	92.39818545	61.62162162	38.1965	1.16
85	SO18-H2-12-06	3x	slope	0.0389	0.0507	0.011	1.136995975	70.2771	96.74616483	16101	14161	26.9	33.15	6.25	D9	NA	103.3632704	72.29219144	32.7813	1.36
86	SO18-H2-12-04	3x	slope	0.015	0.0209	0.0041	0.456888638	64.8810	89.7374034	6470	14161	26.88	30.99	4.11	B9	NA	111.4362531	75.5952381	26.5536	1.66
87	SO18-H2-12-30	2x	slope	0.0175	0.0252	0.0048	0.559353153	62.2549	85.8134074	7921	14161	26.27	31.68	5.41	B8	NA	116.5319069	76.47058824	27.8378	1.29
88	SO18-H2-12-24	3x	slope	0.0195	0.025	0.0056	0.598050985	71.6495	93.63750148	8469	14161	27.61	32.85	5.24	D7	NA	106.7948188	71.13402062	39.3125	1.13
89	SO18-H2-12-47	2x	slope	0.0155	0.0162	0.003	0.532448273	94.6970	56.34350133	7540	14161	NA	NA	NA	NA	NA	177.4827578	77.27272727	NA	NA
90	SO18-H2-12-44	2x	slope	0.0109	0.0146	0.0029	0.335428289	68.3761	86.45663158	4750	14161	NA	NA	NA	NA	NA	115.6649272	75.21367521	NA	NA
91	SO18-H2-12-09	2x	slope	0.0149	0.0166	0.0034	0.440223148	87.1212	77.23355791	6234	14161	NA	NA	NA	NA	NA	129.4773965	74.24242424	NA	NA
92	SO18-H2-12-16	3x	slope	0.0326	0.0435	0.0096	0.945907775	67.8466	101.4898096	13395	14161	27	33.17	6.17	B6	NA	98.53205988	71.68141593	33.6891	1.15
93	SO18-H2-12-45	3x	slope	0.0258	0.0309	0.0078	0.671492126	77.9221	116.1592176	9509	14161	26.23	32.14	5.91	E12	NA	86.08873414	66.23376623	40.4284	1.10
94	SO18-H2-12-22	3x	slope	0.0117	0.0154	0.0028	0.448202811	70.6349	62.47171892	6347	14161	NA	NA	NA	NA	NA	160.0724323	77.77777778	NA	NA
95	SO18-H3-13-11	2x	ridge	0.0195	0.0236	0.0052	0.648824236	77.7174	80.1449717	9188	14161	27.68	32.13	4.45	A11	NA	124.7738915	71.73913043	33.0880	1.32
96	SO18-H3-13-03	3x	ridge	0.0135	0.0169	0.0038	0.437539722	74.0458	86.84925759	6196	14161	NA	NA	NA	NA	NA	115.142032	70.99236641	NA	NA
97	SO18-H3-13-47	4x	ridge	0.0224	0.0272	0.0066	0.569592543	76.6990	115.8723035	8066	14161	26.86	31.86	5	D6	NA	86.30190044	67.96116505	36.1520	1.20
98	SO18-H3-13-21	2x	ridge	0.0239	0.035	0.0061	0.745215733	61.5917	81.85549133	10553	14161	26.97	31.71	4.74	B2	NA	122.1665137	78.89273356	34.6679	1.25
99	SO18-H3-13-01	2x	ridge	0.0252	0.0334	0.0061	0.904879599	69.9634	67.41228344	12814	14161	26.3	30.98	4.68	C3	NA	148.3409179	77.65567766	30.2652	1.48
100	SO18-H3-13-16	2x	ridge	0.0188	0.0256	0.005	0.687168985	66.9903	72.76230603	9731	14161	26.91	31.65	4.74	G6	NA	137.433797	75.72815534	29.9268	1.53
101	SO18-H3-13-29	2x	ridge	0.0223	0.0287	0.0059	0.722124144	71.9298	81.70340309	10226	14161	27.21	31.37	4.16	G8	NA	122.3939227	74.12280702	41.0398	1.07
102	SO18-H3-13-09	3x	ridge	0.0346	0.037	0.0071	1.004095756	91.9732	70.71038751	14219	14161	27.11	32.94	5.83	B1	NA	141.4219375	76.2541806	24.7704	1.77
103	SO18-H3-13-05	3x	ridge	0.0176	0.0222	0.0054	0.560836099	72.6190	96.28481491	7942	14161	26.51	31.1	4.59	G7	NA	103.8585369	67.85714286	46.7011	1.01
104	SO18-H3-13-28	3x	ridge	0.0134	0.0211	0.0042	0.433373349	54.4379	96.91412742	6137	14161	NA	NA	NA	NA	NA	103.1841308	75.14792899	NA	NA
105	SO18-H3-13-26	2x	ridge	0.0324	0.0455	0.0077	0.874090813	65.3439	88.09153337	12378	14161	26.29	31.63	5.34	B4	NA	113.5182874	79.62962963	34.6679	1.25
106	SO18-H3-13-08	2x	ridge	0.0182	0.0267	0.0059	0.597839136	59.1346	98.68875502	8466	14161	26.55	31.55	5	D1	NA	101.3286671	71.63461538	31.7293	1.39
107	SO18-H3-13-25	3x	ridge	0.0187	0.0254	0.0061	0.566414801	65.2850	107.6949258	8021	14161	26.98	31.26	4.28	C4	NA	92.85488545	68.39378238	28.6927	1.53
108	SO18-H3-13-48	3x	ridge	0.0286	0.0368	0.0088	0.867947179	70.7143	101.3886584	12291	14161	26.87	33.23	6.36	C12	NA	98.63036124	68.57142857	33.1717	1.32
109	SO18-H3-13-37	2x	ridge	0.0162	0.0145	0.0035	0.591342419	115.4545	59.18736566	8374	14161	NA	NA	NA	NA	NA	168.9549769	68.18181818	NA	NA
110	SO18-H3-04-29	2x	ridge	0.0182	0.0239	0.0048	0.59734482	70.1571	80.35559759	8459	14161	27.09	31.02	3.93	A9	NA	124.4468376	74.86910995	57.8762	0.73
111	SO18-H3-04-33	2x	ridge	0.0231	0.0305	0.0065	0.648612386	69.1667	100.2139358	9185	14161	26.53	31.68	5.15	G1	NA	99.78652094	72.91666667	38.0414	1.17
112	SO18-H3-04-12	2x	ridge	0.0501	0.072	0.0122	1.27879387	63.3779	95.4023966	18109	14161	26.99	32.71	5.72	G4	NA	104.8191697	79.59866221	49.5210	0.89
113	SO18-H3-04-28	2x	ridge	0.0149	0.0187	0.0036	0.538521291	74.8344	66.84972463	7626	14161	NA	NA	NA	NA	NA	149.5892475	76.1589404	NA	NA
114	SO18-H3-04-38	2x	ridge	0.0215	0.0288	0.0063	0.636960667	67.5556	98.90720621	9020	14161	27.07	32.52	5.45	G3	NA	101.1048677	72	43.1458	1.02
115	SO18-H3-04-07	2x	ridge	0.0195	0.0259	0.0052	0.637949297	69.0821	81.51117999	9034	14161	27.39	32.09	4.7	G5*	NA	122.6825572	74.87922705	35.0124	1.28
116	SO18-H3-04-32	2x	ridge	0.0395	0.0558	0.01	1.10818445	64.4105	90.23768559	15693	14161	26.59	32.09	5.5	A10	NA	110.818445	78.16593886	34.1440	1.30
117	SO18-H3-04-05	2x	ridge	0.0287	0.0382	0.0066	0.727349763	69.9367	90.74038835	10300	14161	26.57	31.14	4.57	F12	NA	110.2045096	79.11392405	39.4715	1.13
118	SO18-H3-04-11	4x	ridge	0.0168	0.0199	0.0055	0.425111221	78.4722	129.377907	6020	14161	27.62	32.65	5.03	F10	NA	77.29294927	61.80555556	41.4680	1.02
119	SO18-H3-04-17	4x	ridge	0.0201	0.0294	0.006	0.575100628	60.2564	104.3295678	8144	14161	27.33	32.56	5.23	G2	NA	95.85010475	74.35897436	25.5209	1.80
120	SO18-H3-04-41	4x	ridge	0.0202	0.0319	0.0063	0.621919356	54.2969	101.2993074	8807	14161	27.46	32.41	4.95	F11	NA	98.71735809	75.390625	28.8369	1.59
121	SO19-H1-14-37	4x	riverbed	0.024	0.0311	0.0062	0.706094202	71.48594378	87.8069807	9999	14161	26.93	33.01	6.08	F9	NA	113.8861617	75.10040161	37.2007	1.23
122	SO19-H1-14-46	4x	riverbed	0.0255	0.034	0.0073	0.648965469	68.16479401	112.4867247	9190	14161	26.66	32.57	5.91	F8	NA	88.89937925	72.65917603	39.6137	1.13
123	SO19-H1-14-31	4x	riverbed	0.0297	0.0383	0.0085	0.825718523	71.1409396	102.9406483	11693	14161	26.46	32.43	5.97	F7	NA	97.14335561	71.47651007	41.2786	1.11
124	SO19-H1-14-17	4x	riverbed	0.0125	0.0116	0.0029	0.403149495	110.3448276	71.93361359	5709	14161	NA	NA	NA	NA	NA	139.0170673	66.66666667	NA	NA
125	SO19-H1-14-30	4x	riverbed	0.0115	0.0171	0.0036	0.385142292	58.51851852	93.47194719	5454	14161	NA	NA	NA	NA	NA	106.9839701	73.33333333	NA	NA
126	SO19-H1-14-39	4x	riverbed	0.0366	0.0511	0.0095	1.118706306	65.14423077	84.91951774	15842	14161	26.85	34.5	7.65	F6	NA	117.7585585	77.16346154	34.0371	1.31
127	SO19-H1-14-32	4x	riverbed	0.0129	0.017	0.0043	0.380128522	67.71653543	113.1196359	5383	14161	NA	NA	NA	NA	NA	88.40198186	66.14173228	NA	NA
